"+"
0
-1
1
0N
-0I
0I
-2147483646
-2
1
-1
-2
0
0I
0N
2147483646
-0I
-3
0
1
0
2
-0I
-2147483646
0N
-2147483645
-1
2
0N
0I
-0I
0
1
-1
2
2147483646
-0I
-0I
0N
-2147483646
1
2
0
3
0I
-2147483646
0I
2147483646
0N
-1
0
-2
1
2147483645
0N
-2147483646
-0I
-2147483645
2
3
1
4
0N
-2147483645
-2
-3
-1
2147483646
0I
2147483645
0N
-4
-1
1
0
2
-0I
-2147483646
0N
-2147483645
-1
2
"-"
0
1
-1
0N
0I
-0I
2147483646
2
-1
-1
0
-2
0I
2147483646
0N
2147483645
1
-2
1
2
0
-0I
0N
-2147483646
0I
3
0
0N
-0I
0I
0
-1
1
-2
-2147483646
0I
-0I
-2147483646
0N
1
0
2
-1
-2147483645
0N
0I
0N
2147483646
-1
-2
0
-3
-0I
2147483646
-2147483646
-2147483645
-0I
2
1
3
0
-2147483644
-0I
-2
-1
-3
2147483646
2147483645
0I
2147483644
0
-3
1
2
0
-0I
0N
-2147483646
0I
3
0
"*"
0
0N
0N
0
0N
0N
0
0
0N
0N
1
-1
0
0I
-0I
-2
-2147483646
-1
0N
-1
1
0
-0I
0I
2
2147483646
1
0
0
0
0
0
0
0
0
0
0N
0I
-0I
0
1
-1
2
2147483646
-0I
0N
-0I
0I
0
-1
1
-2
-2147483646
0I
0
-2
2
0
2
-2
4
-4
2
0
-2147483646
2147483646
0
2147483646
-2147483646
-4
4
2147483646
0N
-1
1
0
-0I
0I
2
2147483646
1
"&"
0N
0N
0N
0N
0N
0N
0N
0N
0N
0N
0I
-0I
0
1
-1
2
2147483646
-0I
0N
-0I
-0I
-0I
-0I
-0I
-0I
-0I
-0I
0N
0
-0I
0
0
-1
0
0
-0I
0N
1
-0I
0
1
-1
1
1
-0I
0N
-1
-0I
-1
-1
-1
-1
-1
-0I
0N
2
-0I
0
1
-1
2
2
-0I
0N
2147483646
-0I
0
1
-1
2
2147483646
-0I
0N
-0I
-0I
-0I
-0I
-0I
-0I
-0I
-0I
"|"
0N
0I
-0I
0
1
-1
2
2147483646
-0I
0I
0I
0I
0I
0I
0I
0I
0I
0I
-0I
0I
-0I
0
1
-1
2
2147483646
-0I
0
0I
0
0
1
0
2
2147483646
0
1
0I
1
1
1
1
2
2147483646
1
-1
0I
-1
0
1
-1
2
2147483646
-1
2
0I
2
2
2
2
2
2147483646
2
2147483646
0I
2147483646
2147483646
2147483646
2147483646
2147483646
2147483646
2147483646
-0I
0I
-0I
0
1
-1
2
2147483646
-0I
"<"
0
1
1
1
1
1
1
1
1
0
0
0
0
0
0
0
0
0
0
1
0
1
1
1
1
1
0
0
1
0
0
1
0
1
1
0
0
1
0
0
0
0
1
1
0
0
1
0
1
1
0
1
1
0
0
1
0
0
0
0
0
1
0
0
1
0
0
0
0
0
0
0
0
1
0
1
1
1
1
1
0
">"
0
0
0
0
0
0
0
0
0
1
0
1
1
1
1
1
1
1
1
0
0
0
0
0
0
0
0
1
0
1
0
0
1
0
0
1
1
0
1
1
0
1
0
0
1
1
0
1
0
0
0
0
0
1
1
0
1
1
1
1
0
0
1
1
0
1
1
1
1
1
0
1
1
0
0
0
0
0
0
0
0
"="
1
0
0
0
0
0
0
0
0
0
1
0
0
0
0
0
0
0
0
0
1
0
0
0
0
0
1
0
0
0
1
0
0
0
0
0
0
0
0
0
1
0
0
0
0
0
0
0
0
0
1
0
0
0
0
0
0
0
0
0
1
0
0
0
0
0
0
0
0
0
1
0
0
0
1
0
0
0
0
0
1
"~"
1
0
0
0
0
0
0
0
0
0
1
0
0
0
0
0
0
0
0
0
1
0
0
0
0
0
1
0
0
0
1
0
0
0
0
0
0
0
0
0
1
0
0
0
0
0
0
0
0
0
1
0
0
0
0
0
0
0
0
0
1
0
0
0
0
0
0
0
0
0
1
0
0
0
1
0
0
0
0
0
1
