((1 2
  1 2
  1 2
  1 2)
 (,1 2
  ,1 2
  ,1 2
  ,1 2))
((0 1
  1 1
  2 1
  3 1
  4 1
  5 1
  6 1
  7 1
  8 1
  9 1)
 (0 1
  1 1
  2 1
  3 1
  4 1
  5 1
  6 1
  7 1
  8 1
  9 1))
((((0 5
    1 5)
   (0 5
    1 5))
  ((0 5
    1 5)
   (0 5
    1 5)))
 ((0 1 2
   (0 5
    1 5
    2)
   (0 5
    1 5
    2))
  (0 1 2
   (0 5
    1 5
    2)
   (0 5
    1 5
    2))
  (0 1 2
   0 1 2
   0 1 2)))
(3 3
 3 2)
(9 9 9 9 9
 9 9 9 9 9)
(9 9
 0 9 9 3 4)
(9 9
 9 1 2)
(2 2 2 2
 (,2
  ,2
  ,2
  ,2))
(((5 5
   5 5)
  (5 5
   5 5))
 ((0 1 2
   5 5 2
   5 5 2)
  (0 1 2
   5 5 2
   5 5 2)
  (0 1 2
   0 1 2
   0 1 2)))
(9 9 9 9 9
 9 9 9 9 9)
(9 9
 9 1 2)
(2 2 2 2
 (,2
  ,2
  ,2
  ,2))
(7 7 7
 7 7 7)
7 7 7
(0 1
 0 0 1 3 4)
(2 4 6
 2 4 6)
(9 9j
 9 2 9j)
(11 12 13j
 11 12 13j)
(9.5 9.5
 9.5 2 9.5)
(1.5 2.5 3.5e
 1.5 2.5 3.5e)
("XY"
 "XbY")
(`x `y
 `x `b `y)
((9;`z)
 (9;"ab";`z))
((1 2 9
  5 6 9)
 ((1 2 9
   3 4)
  (5 6 9
   7 8)))
(12 14j
 .((`a
    1 12j
    )
   (`b
    3 14j
    )))
1 2
(11 13
 (11 2
  13 4)
 (1 2
  3 4))
9 9
5 6
14 15
16
14 15
16
14 15
16
5 14 6 15
16
14 15
16
12 15
18
20 30
10
15 16
17
114 115
116
12 24 15 25
18 26
